depth	min.95	max.95	median	mean
0	-74	-70	-72	-72
0.5	-69	-56	-61	-61
1	-65	-40	-51	-51
1.5	-61	-24	-40	-40
2	-57	-9	-29	-29
2.5	-53	7	-18	-18
3	-49	23	-7	-7
3.5	-45	39	4	3
4	-41	55	14	14
4.5	-38	71	25	25
5	-34	87	36	36
5.5	-21	89	43	42
6	-14	102	49	48
6.5	-13	116	55	55
7	-5	131	60	61
7.5	-2	146	66	67
8	-2	162	71	74
8.5	-2	177	78	80
9	-1	192	84	86
9.5	-1	207	89	92
10	-1	223	96	99
10.5	4	225	99	102
11	4	227	103	106
11.5	6	228	106	109
12	9	230	109	112
12.5	11	232	113	116
13	12	234	116	119
13.5	13	237	120	123
14	13	239	124	126
14.5	14	242	127	130
15	15	245	131	133
15.5	28	246	142	144
16	40	247	154	155
16.5	54	249	167	166
17	69	250	180	177
17.5	84	251	192	188
18	99	252	203	199
18.5	114	254	214	210
19	128	259	226	221
19.5	142	269	238	232
20	157	285	246	244
20.5	183	304	267	263
21	209	330	285	283
21.5	231	359	300	302
22	253	391	317	322
22.5	263	424	333	342
23	272	459	354	361
23.5	281	495	374	381
24	285	532	394	400
24.5	290	570	413	420
25	296	608	431	440
25.5	307	619	440	449
26	320	630	448	458
26.5	324	641	456	467
27	325	652	464	476
27.5	332	666	474	485
28	338	680	483	495
28.5	342	695	492	504
29	345	707	501	513
29.5	348	719	511	522
30	352	729	520	531
30.5	355	739	533	543
31	357	750	548	554
31.5	361	760	560	566
32	366	774	571	577
32.5	373	784	581	589
33	376	796	592	601
33.5	380	813	602	612
34	382	830	612	624
34.5	384	847	622	635
35	386	867	632	647
35.5	399	870	640	655
36	411	873	650	663
36.5	424	878	660	671
37	437	883	672	679
37.5	449	891	681	687
38	461	899	690	695
38.5	471	907	698	703
39	481	916	706	711
39.5	489	927	715	719
40	500	940	723	727
40.5	523	950	730	737
41	546	959	739	747
41.5	570	969	746	758
42	595	977	752	768
42.5	607	987	760	778
43	620	996	768	789
43.5	629	1006	776	799
44	638	1015	785	809
44.5	645	1024	796	820
45	653	1034	812	830
45.5	673	1037	823	842
46	694	1041	839	855
46.5	713	1044	853	867
47	733	1049	867	880
47.5	749	1053	882	892
48	763	1062	896	904
48.5	775	1070	911	917
49	787	1077	925	929
49.5	801	1085	938	941
50	812	1096	952	954
50.5	834	1102	963	966
51	852	1111	974	979
51.5	871	1118	986	991
52	888	1128	997	1004
52.5	907	1138	1011	1017
53	920	1149	1026	1029
53.5	935	1159	1042	1042
54	946	1167	1058	1054
54.5	956	1178	1073	1067
55	965	1189	1090	1079
55.5	982	1192	1099	1089
56	1001	1195	1106	1098
56.5	1019	1198	1114	1107
57	1036	1201	1122	1116
57.5	1054	1205	1129	1125
58	1070	1210	1135	1134
58.5	1084	1216	1142	1143
59	1093	1224	1151	1152
59.5	1101	1234	1160	1161
60	1109	1246	1169	1171
60.5	1121	1249	1173	1176
61	1134	1252	1178	1182
61.5	1147	1256	1182	1187
62	1158	1260	1187	1193
62.5	1169	1266	1192	1198
63	1178	1272	1197	1204
63.5	1182	1278	1202	1209
64	1185	1285	1208	1215
64.5	1187	1292	1213	1221
65	1189	1301	1219	1226
65.5	1193	1306	1224	1231
66	1196	1310	1230	1236
66.5	1197	1316	1235	1241
67	1199	1323	1241	1246
67.5	1200	1329	1245	1251
68	1201	1337	1250	1256
68.5	1202	1344	1255	1261
69	1203	1352	1259	1266
69.5	1204	1362	1264	1271
70	1205	1371	1269	1276
70.5	1207	1374	1274	1280
71	1208	1375	1279	1284
71.5	1209	1377	1284	1288
72	1210	1381	1288	1292
72.5	1211	1385	1293	1296
73	1212	1390	1298	1301
73.5	1212	1398	1303	1305
74	1213	1406	1309	1309
74.5	1214	1416	1313	1313
75	1214	1425	1318	1317
75.5	1216	1427	1323	1321
76	1217	1429	1328	1325
76.5	1219	1432	1331	1329
77	1221	1438	1335	1333
77.5	1223	1443	1338	1337
78	1225	1448	1341	1341
78.5	1227	1455	1345	1345
79	1228	1463	1350	1349
79.5	1230	1469	1353	1353
80	1231	1477	1356	1357
80.5	1236	1480	1361	1361
81	1241	1485	1366	1365
81.5	1247	1488	1371	1369
82	1251	1492	1375	1373
82.5	1254	1497	1379	1377
83	1258	1501	1384	1381
83.5	1262	1506	1389	1385
84	1264	1511	1393	1389
84.5	1267	1517	1396	1393
85	1270	1523	1399	1397
85.5	1278	1526	1403	1402
86	1283	1533	1407	1406
86.5	1286	1538	1412	1410
87	1287	1542	1417	1414
87.5	1290	1545	1421	1419
88	1293	1549	1425	1423
88.5	1295	1554	1430	1427
89	1296	1558	1435	1432
89.5	1298	1563	1439	1436
90	1299	1568	1442	1440
90.5	1308	1570	1445	1444
91	1313	1573	1448	1448
91.5	1319	1576	1452	1452
92	1325	1579	1455	1456
92.5	1332	1583	1459	1460
93	1337	1586	1463	1464
93.5	1344	1591	1467	1467
94	1353	1594	1471	1471
94.5	1356	1598	1476	1475
95	1357	1603	1481	1479
95.5	1360	1609	1484	1483
96	1362	1613	1487	1487
96.5	1364	1619	1491	1491
97	1368	1623	1495	1495
97.5	1372	1628	1498	1499
98	1374	1635	1502	1503
98.5	1379	1642	1506	1506
99	1382	1648	1510	1510
99.5	1386	1655	1514	1514
100	1388	1660	1517	1518
100.5	1395	1664	1521	1522
101	1400	1667	1526	1527
101.5	1403	1671	1530	1531
102	1407	1673	1535	1535
102.5	1409	1679	1538	1540
103	1412	1687	1542	1544
103.5	1414	1692	1546	1548
104	1417	1700	1551	1552
104.5	1419	1706	1555	1557
105	1422	1711	1560	1561
105.5	1428	1714	1565	1566
106	1433	1716	1569	1571
106.5	1437	1719	1573	1576
107	1439	1722	1577	1581
107.5	1443	1726	1580	1586
108	1447	1730	1584	1590
108.5	1450	1736	1590	1595
109	1453	1740	1595	1600
109.5	1457	1746	1600	1605
110	1460	1753	1606	1610
110.5	1466	1758	1611	1615
111	1471	1762	1616	1619
111.5	1475	1767	1622	1623
112	1481	1770	1627	1627
112.5	1491	1775	1631	1632
113	1498	1778	1635	1636
113.5	1501	1783	1640	1640
114	1503	1789	1645	1645
114.5	1505	1794	1650	1649
115	1507	1800	1654	1653
115.5	1512	1801	1658	1657
116	1517	1802	1663	1661
116.5	1520	1804	1667	1665
117	1526	1807	1670	1669
117.5	1530	1809	1674	1673
118	1535	1811	1677	1677
118.5	1540	1813	1681	1681
119	1543	1816	1684	1684
119.5	1546	1819	1688	1688
120	1550	1821	1692	1692
120.5	1562	1822	1696	1697
121	1575	1824	1700	1702
121.5	1588	1825	1705	1707
122	1599	1827	1710	1711
122.5	1609	1829	1714	1716
123	1617	1831	1719	1721
123.5	1624	1834	1725	1726
124	1628	1836	1730	1731
124.5	1632	1839	1735	1735
125	1639	1841	1742	1740
125.5	1646	1844	1746	1745
126	1652	1845	1751	1750
126.5	1659	1849	1757	1755
127	1665	1852	1762	1760
127.5	1669	1856	1768	1765
128	1674	1860	1774	1770
128.5	1678	1866	1779	1775
129	1681	1872	1784	1780
129.5	1685	1879	1790	1785
130	1688	1886	1796	1790
130.5	1711	1890	1804	1801
131	1732	1895	1812	1811
131.5	1750	1900	1822	1821
132	1767	1905	1832	1832
132.5	1780	1910	1844	1842
133	1786	1918	1857	1852
133.5	1792	1929	1866	1863
134	1798	1941	1874	1873
134.5	1803	1958	1883	1883
135	1807	1979	1893	1894
135.5	1822	1994	1908	1908
136	1834	2008	1923	1923
136.5	1845	2026	1936	1938
137	1855	2048	1951	1953
137.5	1863	2073	1965	1967
138	1871	2097	1981	1982
138.5	1878	2126	1995	1997
139	1884	2156	2010	2012
139.5	1890	2185	2025	2027
140	1896	2217	2039	2041
140.5	1910	2219	2051	2054
141	1921	2226	2064	2067
141.5	1929	2239	2078	2080
142	1938	2265	2088	2093
142.5	1946	2287	2098	2106
143	1954	2317	2107	2119
143.5	1964	2359	2116	2132
144	1974	2404	2124	2145
144.5	1984	2451	2134	2159
145	1990	2497	2143	2172
145.5	1999	2509	2152	2181
146	2006	2521	2161	2191
146.5	2014	2532	2171	2200
147	2020	2544	2181	2209
147.5	2028	2553	2191	2219
148	2033	2565	2201	2228
148.5	2038	2580	2210	2238
149	2041	2591	2220	2247
149.5	2046	2602	2230	2257
150	2052	2612	2240	2266
150.5	2063	2625	2248	2275
151	2073	2636	2255	2284
151.5	2083	2646	2262	2293
152	2090	2660	2270	2301
152.5	2095	2673	2279	2310
153	2100	2687	2287	2319
153.5	2105	2701	2296	2328
154	2109	2717	2305	2337
154.5	2114	2733	2315	2345
155	2119	2751	2325	2354
155.5	2138	2754	2338	2368
156	2155	2757	2353	2381
156.5	2168	2762	2368	2395
157	2180	2765	2384	2408
157.5	2186	2769	2400	2422
158	2190	2774	2415	2436
158.5	2195	2782	2429	2449
159	2199	2793	2443	2463
159.5	2203	2801	2456	2476
160	2205	2810	2469	2490
160.5	2217	2820	2480	2500
161	2226	2828	2490	2510
161.5	2236	2842	2501	2520
162	2245	2857	2513	2530
162.5	2254	2869	2526	2540
163	2261	2885	2539	2550
163.5	2269	2899	2551	2559
164	2277	2914	2565	2569
164.5	2285	2932	2575	2579
165	2293	2947	2586	2589
165.5	2323	2961	2608	2613
166	2352	2975	2629	2638
166.5	2381	2988	2652	2662
167	2406	3002	2677	2686
167.5	2432	3017	2704	2710
168	2461	3031	2731	2734
168.5	2489	3045	2755	2759
169	2515	3060	2782	2783
169.5	2537	3072	2811	2807
170	2561	3087	2838	2831
170.5	2591	3092	2851	2844
171	2627	3098	2860	2857
171.5	2654	3107	2870	2869
172	2683	3111	2882	2882
172.5	2703	3118	2894	2895
173	2718	3126	2906	2907
173.5	2725	3134	2918	2920
174	2730	3144	2932	2933
174.5	2733	3155	2945	2945
175	2737	3176	2955	2958
175.5	2745	3184	2969	2972
176	2754	3194	2983	2986
176.5	2762	3209	2998	2999
177	2770	3228	3014	3013
177.5	2776	3246	3029	3026
178	2782	3266	3044	3040
178.5	2788	3285	3055	3054
179	2795	3309	3068	3067
179.5	2800	3334	3079	3081
180	2805	3363	3091	3095
180.5	2835	3367	3101	3106
181	2865	3373	3113	3118
181.5	2893	3378	3128	3130
182	2918	3383	3142	3142
182.5	2944	3388	3155	3154
183	2958	3393	3171	3165
183.5	2969	3399	3184	3177
184	2972	3406	3195	3189
184.5	2976	3414	3208	3201
185	2978	3423	3222	3212
185.5	2987	3430	3230	3220
186	2998	3440	3238	3228
186.5	3007	3452	3245	3236
187	3017	3464	3251	3244
187.5	3026	3475	3258	3252
188	3035	3487	3265	3260
188.5	3044	3501	3271	3268
189	3052	3514	3277	3276
189.5	3058	3530	3283	3284
190	3065	3546	3291	3291
190.5	3082	3550	3301	3302
191	3094	3554	3311	3313
191.5	3109	3557	3323	3324
192	3125	3563	3333	3335
192.5	3138	3566	3344	3346
193	3148	3572	3356	3357
193.5	3160	3579	3366	3368
194	3174	3586	3377	3379
194.5	3187	3592	3391	3390
195	3198	3600	3405	3400
195.5	3227	3604	3425	3418
196	3256	3610	3443	3436
196.5	3282	3617	3461	3454
197	3313	3621	3479	3472
197.5	3342	3628	3496	3490
198	3371	3637	3515	3508
198.5	3396	3646	3534	3526
199	3419	3656	3552	3544
199.5	3441	3677	3570	3562
200	3459	3694	3588	3580
200.5	3472	3695	3593	3586
201	3483	3697	3598	3593
201.5	3494	3699	3604	3599
202	3504	3701	3609	3605
202.5	3513	3704	3614	3611
203	3524	3712	3619	3617
203.5	3533	3720	3624	3623
204	3543	3725	3629	3629
204.5	3550	3729	3634	3635
205	3559	3731	3640	3641
205.5	3573	3737	3644	3646
206	3583	3742	3647	3652
206.5	3590	3748	3651	3658
207	3596	3751	3655	3664
207.5	3600	3756	3659	3670
208	3608	3760	3665	3675
208.5	3617	3764	3672	3681
209	3625	3770	3679	3687
209.5	3633	3779	3686	3693
210	3639	3789	3693	3699
210.5	3645	3792	3699	3704
211	3651	3796	3704	3708
211.5	3654	3798	3710	3713
212	3658	3799	3715	3718
212.5	3662	3802	3721	3723
213	3665	3806	3727	3728
213.5	3667	3814	3732	3732
214	3669	3821	3737	3737
214.5	3671	3830	3742	3742
215	3673	3839	3747	3747
215.5	3676	3845	3750	3750
216	3678	3850	3753	3754
216.5	3680	3855	3756	3757
217	3681	3862	3760	3760
217.5	3682	3867	3763	3764
218	3683	3871	3766	3767
218.5	3684	3878	3769	3771
219	3685	3886	3772	3774
219.5	3686	3893	3775	3777
220	3687	3898	3778	3781
220.5	3707	3903	3786	3790
221	3719	3911	3797	3800
221.5	3726	3923	3806	3810
222	3733	3939	3814	3819
222.5	3736	3961	3822	3829
223	3738	3984	3830	3839
223.5	3741	4008	3837	3848
224	3743	4036	3844	3858
224.5	3745	4066	3852	3868
225	3747	4099	3859	3877
225.5	3749	4103	3865	3882
226	3752	4108	3871	3887
226.5	3755	4112	3876	3892
227	3758	4117	3881	3897
227.5	3760	4122	3888	3902
228	3762	4126	3895	3907
228.5	3763	4130	3901	3911
229	3764	4135	3908	3916
229.5	3766	4140	3914	3921
230	3767	4145	3921	3926
230.5	3775	4146	3926	3931
231	3782	4148	3931	3936
231.5	3787	4151	3936	3942
232	3793	4153	3940	3947
232.5	3798	4156	3947	3952
233	3803	4160	3952	3957
233.5	3807	4163	3959	3962
234	3810	4166	3965	3968
234.5	3815	4168	3970	3973
235	3817	4171	3977	3978
235.5	3826	4177	3983	3986
236	3834	4183	3990	3993
236.5	3837	4188	3998	4001
237	3839	4192	4006	4009
237.5	3842	4197	4014	4017
238	3845	4203	4023	4024
238.5	3848	4209	4030	4032
239	3851	4218	4038	4040
239.5	3852	4227	4045	4047
240	3854	4238	4053	4055
240.5	3863	4241	4058	4060
241	3875	4243	4063	4065
241.5	3884	4246	4068	4070
242	3899	4247	4072	4075
242.5	3908	4248	4077	4080
243	3916	4250	4081	4085
243.5	3924	4252	4085	4089
244	3934	4253	4091	4094
244.5	3942	4259	4096	4099
245	3947	4263	4102	4104
245.5	3955	4264	4107	4108
246	3964	4265	4110	4113
246.5	3973	4267	4115	4117
247	3981	4270	4119	4122
247.5	3989	4272	4124	4126
248	3996	4274	4128	4130
248.5	4002	4277	4133	4135
249	4007	4280	4138	4139
249.5	4010	4283	4142	4143
250	4015	4286	4147	4148
250.5	4022	4289	4150	4152
251	4028	4291	4153	4155
251.5	4032	4294	4156	4159
252	4036	4296	4160	4163
252.5	4040	4300	4163	4167
253	4045	4304	4167	4171
253.5	4048	4306	4171	4174
254	4051	4310	4174	4178
254.5	4053	4316	4178	4182
255	4056	4321	4183	4186
255.5	4061	4325	4187	4191
256	4065	4329	4192	4195
256.5	4070	4334	4197	4200
257	4073	4340	4203	4205
257.5	4078	4346	4208	4210
258	4080	4351	4213	4215
258.5	4083	4359	4218	4219
259	4085	4367	4221	4224
259.5	4088	4375	4225	4229
260	4089	4382	4229	4234
260.5	4099	4385	4235	4240
261	4110	4389	4243	4246
261.5	4119	4392	4251	4253
262	4125	4397	4258	4259
262.5	4132	4401	4266	4265
263	4138	4405	4273	4271
263.5	4144	4409	4280	4278
264	4150	4412	4287	4284
264.5	4154	4417	4294	4290
265	4158	4421	4300	4296
265.5	4166	4424	4305	4301
266	4174	4427	4309	4305
266.5	4180	4431	4313	4310
267	4187	4433	4316	4315
267.5	4192	4436	4320	4319
268	4196	4439	4324	4324
268.5	4200	4442	4329	4328
269	4206	4446	4335	4333
269.5	4209	4450	4340	4337
270	4212	4455	4345	4342
270.5	4216	4457	4349	4346
271	4221	4459	4353	4351
271.5	4226	4461	4358	4355
272	4230	4463	4361	4359
272.5	4238	4465	4366	4364
273	4243	4467	4371	4368
273.5	4248	4469	4375	4373
274	4251	4472	4380	4377
274.5	4255	4475	4385	4381
275	4258	4479	4390	4386
275.5	4272	4480	4395	4391
276	4283	4481	4400	4396
276.5	4294	4483	4405	4401
277	4305	4485	4410	4406
277.5	4314	4488	4416	4412
278	4323	4489	4423	4417
278.5	4330	4492	4428	4422
279	4338	4495	4434	4427
279.5	4345	4498	4440	4432
280	4350	4502	4444	4437
280.5	4360	4503	4450	4442
281	4369	4504	4456	4448
281.5	4379	4505	4462	4453
282	4388	4507	4469	4458
282.5	4396	4508	4474	4464
283	4404	4511	4481	4469
283.5	4412	4514	4486	4474
284	4419	4517	4492	4479
284.5	4423	4524	4497	4485
285	4426	4532	4502	4490
285.5	4436	4541	4510	4499
286	4441	4556	4518	4508
286.5	4445	4576	4524	4517
287	4448	4598	4531	4527
287.5	4450	4621	4537	4536
288	4452	4646	4544	4545
288.5	4454	4670	4552	4554
289	4457	4695	4559	4563
289.5	4460	4719	4566	4572
290	4463	4744	4573	4581
290.5	4477	4768	4578	4590
291	4491	4790	4585	4599
291.5	4498	4810	4593	4608
292	4503	4835	4601	4617
292.5	4510	4863	4607	4626
293	4515	4889	4613	4635
293.5	4520	4915	4619	4644
294	4526	4940	4625	4653
294.5	4531	4968	4632	4661
295	4535	4993	4639	4670
295.5	4542	5000	4650	4681
296	4549	5009	4660	4692
296.5	4557	5023	4670	4703
297	4562	5035	4679	4714
297.5	4568	5054	4688	4725
298	4576	5070	4699	4736
298.5	4581	5088	4710	4747
299	4584	5108	4720	4757
299.5	4587	5126	4728	4768
300	4589	5144	4737	4779
300.5	4602	5147	4753	4791
301	4614	5150	4769	4803
301.5	4624	5153	4787	4815
302	4632	5157	4807	4826
302.5	4641	5161	4827	4838
303	4649	5166	4846	4850
303.5	4657	5171	4864	4862
304	4665	5174	4881	4873
304.5	4672	5178	4896	4885
305	4680	5181	4912	4897
305.5	4701	5183	4918	4904
306	4721	5184	4925	4911
306.5	4736	5184	4931	4918
307	4744	5185	4937	4925
307.5	4754	5185	4942	4932
308	4764	5186	4948	4940
308.5	4769	5186	4953	4947
309	4775	5187	4959	4954
309.5	4780	5189	4965	4961
310	4784	5189	4972	4968
310.5	4800	5190	4979	4977
311	4815	5190	4986	4986
311.5	4827	5192	4993	4995
312	4841	5192	5002	5004
312.5	4851	5193	5009	5012
313	4865	5199	5016	5021
313.5	4875	5203	5024	5030
314	4884	5209	5033	5039
314.5	4895	5216	5041	5048
315	4903	5227	5052	5057
315.5	4922	5238	5063	5069
316	4941	5249	5075	5081
316.5	4959	5257	5088	5093
317	4976	5267	5101	5105
317.5	4987	5276	5115	5117
318	4997	5288	5128	5129
318.5	5005	5303	5141	5141
319	5012	5313	5153	5153
319.5	5019	5324	5166	5165
320	5024	5340	5178	5177
320.5	5041	5347	5195	5191
321	5058	5354	5211	5206
321.5	5075	5362	5228	5220
322	5090	5368	5245	5234
322.5	5104	5375	5261	5249
323	5118	5384	5275	5263
323.5	5130	5396	5289	5278
324	5142	5403	5303	5292
324.5	5156	5416	5317	5306
325	5169	5429	5330	5321
325.5	5174	5433	5338	5327
326	5180	5438	5346	5333
326.5	5187	5443	5353	5339
327	5195	5449	5360	5345
327.5	5204	5455	5366	5352
328	5214	5463	5372	5358
328.5	5222	5471	5377	5364
329	5229	5481	5382	5370
329.5	5234	5490	5387	5376
330	5238	5502	5392	5383
330.5	5251	5507	5397	5389
331	5263	5513	5402	5396
331.5	5276	5519	5407	5403
332	5288	5525	5413	5410
332.5	5302	5531	5420	5417
333	5313	5539	5426	5424
333.5	5321	5546	5432	5431
334	5328	5553	5439	5437
334.5	5336	5560	5445	5444
335	5344	5567	5450	5451
335.5	5361	5569	5457	5459
336	5378	5571	5464	5467
336.5	5394	5572	5471	5476
337	5410	5574	5479	5484
337.5	5424	5576	5483	5492
338	5439	5579	5489	5500
338.5	5452	5580	5494	5508
339	5464	5583	5501	5517
339.5	5469	5588	5508	5525
340	5473	5602	5517	5533
340.5	5502	5634	5548	5561
341	5521	5676	5580	5590
341.5	5534	5719	5615	5618
342	5544	5762	5646	5647
342.5	5555	5805	5675	5675
343	5565	5850	5703	5703
343.5	5575	5891	5729	5732
344	5586	5933	5759	5760
344.5	5596	5977	5790	5789
345	5606	6021	5817	5817
345.5	5625	6030	5830	5829
346	5649	6039	5839	5840
346.5	5665	6047	5848	5852
347	5673	6056	5859	5864
347.5	5680	6065	5867	5875
348	5688	6076	5875	5887
348.5	5698	6087	5884	5899
349	5707	6096	5896	5910
349.5	5714	6109	5904	5922
350	5722	6121	5916	5934
350.5	5750	6123	5926	5943
351	5772	6125	5937	5953
351.5	5794	6129	5948	5963
352	5806	6140	5959	5972
352.5	5822	6148	5969	5982
353	5839	6154	5980	5992
353.5	5843	6165	5992	6001
354	5845	6173	6003	6011
354.5	5847	6183	6015	6021
355	5850	6197	6024	6030
355.5	5861	6201	6032	6039
356	5874	6205	6042	6047
356.5	5884	6211	6053	6055
357	5893	6218	6064	6063
357.5	5898	6225	6074	6072
358	5905	6233	6083	6080
358.5	5913	6241	6093	6088
359	5921	6251	6103	6097
359.5	5932	6260	6112	6105
360	5940	6272	6121	6113
360.5	5953	6280	6127	6122
361	5965	6287	6134	6130
361.5	5977	6297	6141	6139
362	5987	6306	6149	6148
362.5	5997	6313	6157	6156
363	6007	6320	6164	6165
363.5	6017	6329	6170	6173
364	6025	6338	6178	6182
364.5	6031	6346	6185	6190
365	6040	6355	6193	6199
365.5	6045	6358	6207	6209
366	6050	6365	6223	6220
366.5	6060	6375	6236	6230
367	6070	6384	6246	6240
367.5	6078	6400	6254	6251
368	6081	6414	6262	6261
368.5	6086	6443	6270	6271
369	6089	6475	6277	6282
369.5	6094	6510	6283	6292
370	6100	6545	6289	6303
370.5	6113	6550	6306	6314
371	6131	6556	6321	6326
371.5	6140	6562	6334	6338
372	6149	6567	6350	6350
372.5	6160	6571	6363	6362
373	6164	6575	6376	6374
373.5	6169	6580	6391	6386
374	6173	6589	6403	6398
374.5	6176	6606	6418	6409
375	6180	6627	6432	6421
375.5	6192	6643	6445	6436
376	6204	6659	6456	6451
376.5	6222	6678	6470	6466
377	6234	6705	6482	6481
377.5	6240	6730	6489	6496
378	6243	6758	6498	6511
378.5	6247	6788	6513	6526
379	6251	6817	6522	6541
379.5	6254	6845	6533	6556
380	6259	6870	6546	6571
380.5	6273	6873	6554	6581
381	6288	6877	6565	6591
381.5	6303	6880	6577	6602
382	6317	6884	6588	6612
382.5	6333	6887	6602	6622
383	6348	6895	6617	6632
383.5	6363	6900	6631	6642
384	6378	6907	6642	6652
384.5	6392	6912	6655	6662
385	6406	6920	6667	6672
385.5	6437	6928	6678	6687
386	6469	6937	6690	6701
386.5	6495	6944	6711	6715
387	6522	6952	6727	6730
387.5	6546	6960	6737	6744
388	6572	6967	6750	6758
388.5	6585	6975	6767	6773
389	6603	6980	6788	6787
389.5	6612	6988	6803	6801
390	6618	6996	6822	6816
390.5	6664	7007	6842	6839
391	6710	7018	6864	6861
391.5	6748	7029	6890	6884
392	6775	7040	6917	6907
392.5	6795	7050	6940	6930
393	6819	7061	6967	6953
393.5	6841	7073	6993	6976
394	6858	7087	7021	6999
394.5	6867	7104	7050	7022
395	6877	7125	7076	7045
395.5	6902	7127	7082	7053
396	6927	7128	7087	7062
396.5	6952	7129	7093	7070
397	6978	7130	7098	7079
397.5	7003	7131	7104	7088
398	7028	7132	7109	7096
398.5	7053	7134	7114	7105
399	7077	7135	7118	7113
399.5	7099	7137	7123	7122
400	7112	7141	7131	7130
400.5	7125	7147	7140	7139
401	7138	7154	7148	7148
401.5	7148	7163	7157	7156
402	7156	7176	7165	7165
402.5	7162	7189	7174	7174
403	7167	7203	7183	7183
403.5	7172	7218	7192	7191
404	7176	7233	7201	7200
404.5	7181	7248	7209	7209
405	7186	7264	7218	7218
405.5	7191	7279	7224	7224
406	7195	7292	7229	7230
406.5	7198	7306	7233	7236
407	7201	7322	7237	7242
407.5	7202	7338	7242	7248
408	7203	7354	7247	7254
408.5	7204	7370	7252	7260
409	7205	7386	7256	7266
409.5	7206	7402	7261	7272
410	7207	7418	7265	7278
410.5	7214	7424	7273	7285
411	7217	7431	7282	7293
411.5	7220	7439	7291	7301
412	7223	7444	7300	7309
412.5	7224	7452	7309	7317
413	7227	7462	7317	7324
413.5	7229	7471	7326	7332
414	7231	7480	7334	7340
414.5	7233	7488	7342	7348
415	7235	7496	7350	7356
415.5	7252	7504	7362	7367
416	7265	7513	7375	7379
416.5	7277	7521	7386	7391
417	7285	7531	7397	7402
417.5	7293	7545	7410	7414
418	7301	7565	7423	7425
418.5	7305	7587	7435	7437
419	7311	7615	7447	7449
419.5	7315	7640	7457	7460
420	7318	7665	7467	7472
420.5	7330	7666	7474	7481
421	7339	7668	7484	7489
421.5	7348	7671	7493	7498
422	7355	7675	7500	7506
422.5	7368	7682	7509	7515
423	7378	7687	7517	7524
423.5	7382	7693	7528	7532
424	7387	7700	7539	7541
424.5	7391	7709	7550	7549
425	7394	7716	7559	7558
425.5	7407	7720	7567	7566
426	7418	7725	7575	7574
426.5	7427	7730	7583	7583
427	7434	7736	7590	7591
427.5	7441	7745	7600	7599
428	7450	7756	7608	7607
428.5	7455	7768	7617	7616
429	7462	7780	7624	7624
429.5	7471	7794	7631	7632
430	7477	7811	7638	7640
430.5	7489	7815	7648	7649
431	7502	7818	7657	7657
431.5	7512	7823	7666	7666
432	7518	7827	7675	7675
432.5	7526	7830	7685	7683
433	7530	7834	7695	7692
433.5	7535	7839	7705	7700
434	7540	7845	7714	7709
434.5	7544	7857	7722	7718
435	7546	7872	7732	7726
435.5	7557	7874	7739	7734
436	7568	7877	7748	7741
436.5	7577	7879	7756	7749
437	7586	7881	7764	7756
437.5	7595	7884	7772	7764
438	7600	7888	7780	7771
438.5	7608	7893	7788	7779
439	7615	7899	7795	7786
439.5	7624	7908	7803	7794
440	7631	7919	7809	7801
440.5	7655	7921	7818	7810
441	7679	7923	7825	7819
441.5	7701	7925	7833	7828
442	7722	7926	7840	7837
442.5	7743	7928	7846	7845
443	7763	7931	7853	7854
443.5	7784	7935	7860	7863
444	7801	7939	7868	7872
444.5	7815	7945	7876	7881
445	7825	7953	7883	7890
445.5	7851	7962	7897	7906
446	7869	7980	7919	7923
446.5	7881	8006	7939	7939
447	7890	8037	7955	7956
447.5	7896	8068	7969	7972
448	7902	8100	7983	7989
448.5	7908	8132	7997	8005
449	7913	8165	8012	8022
449.5	7918	8203	8026	8038
450	7922	8239	8041	8055
450.5	7943	8244	8056	8071
451	7957	8250	8073	8087
451.5	7968	8260	8090	8104
452	7979	8279	8107	8120
452.5	7988	8301	8125	8136
453	7998	8326	8142	8152
453.5	8006	8353	8160	8169
454	8013	8380	8178	8185
454.5	8017	8412	8197	8201
455	8020	8445	8215	8217
455.5	8040	8456	8229	8233
456	8053	8466	8247	8249
456.5	8061	8478	8263	8265
457	8066	8491	8283	8280
457.5	8072	8508	8299	8296
458	8078	8531	8318	8312
458.5	8085	8559	8331	8328
459	8091	8586	8342	8344
459.5	8098	8622	8357	8359
460	8105	8658	8372	8375
460.5	8116	8666	8384	8388
461	8127	8676	8398	8401
461.5	8135	8683	8412	8414
462	8146	8690	8427	8426
462.5	8156	8699	8440	8439
463	8165	8713	8455	8452
463.5	8172	8741	8471	8465
464	8176	8766	8490	8478
464.5	8184	8798	8504	8491
465	8188	8819	8516	8503
465.5	8214	8829	8527	8519
466	8238	8840	8541	8534
466.5	8259	8855	8557	8550
467	8286	8867	8571	8565
467.5	8311	8881	8587	8581
468	8339	8897	8599	8596
468.5	8361	8913	8609	8612
469	8380	8929	8619	8627
469.5	8401	8946	8633	8643
470	8418	8959	8645	8659
470.5	8450	8962	8663	8675
471	8486	8964	8681	8691
471.5	8518	8967	8693	8708
472	8545	8969	8708	8724
472.5	8569	8971	8722	8741
473	8592	8973	8736	8757
473.5	8606	8975	8752	8774
474	8621	8978	8769	8790
474.5	8631	8984	8785	8806
475	8639	8997	8803	8823
475.5	8669	8998	8817	8835
476	8699	8999	8833	8847
476.5	8732	9000	8850	8859
477	8762	9001	8862	8871
477.5	8785	9002	8873	8883
478	8797	9004	8887	8895
478.5	8803	9006	8901	8907
479	8809	9008	8910	8919
479.5	8814	9011	8922	8931
480	8818	9022	8941	8943
480.5	8832	9038	8961	8958
481	8843	9063	8981	8974
481.5	8851	9091	9001	8990
482	8860	9120	9016	9006
482.5	8868	9152	9031	9022
483	8878	9186	9045	9038
483.5	8887	9221	9057	9054
484	8892	9257	9069	9070
484.5	8897	9296	9082	9086
485	8903	9335	9095	9102
485.5	8943	9341	9119	9125
486	8985	9349	9143	9149
486.5	9023	9357	9168	9172
487	9061	9365	9193	9195
487.5	9102	9374	9218	9219
488	9137	9384	9240	9242
488.5	9174	9393	9261	9266
489	9205	9405	9280	9289
489.5	9229	9418	9302	9312
490	9247	9442	9325	9336
490.5	9269	9446	9334	9346
491	9286	9451	9343	9356
491.5	9299	9457	9354	9366
492	9307	9466	9366	9376
492.5	9312	9475	9379	9386
493	9316	9486	9392	9396
493.5	9320	9501	9404	9406
494	9322	9518	9417	9416
494.5	9325	9539	9427	9426
495	9329	9560	9436	9436
495.5	9341	9565	9444	9445
496	9352	9570	9453	9453
496.5	9361	9577	9462	9462
497	9368	9583	9470	9470
497.5	9376	9590	9479	9479
498	9382	9599	9487	9488
498.5	9389	9608	9496	9496
499	9396	9618	9505	9505
499.5	9401	9632	9513	9513
500	9405	9647	9522	9522
500.5	9420	9650	9529	9529
501	9435	9652	9536	9537
501.5	9447	9656	9544	9545
502	9460	9660	9551	9553
502.5	9472	9663	9559	9561
503	9481	9667	9566	9569
503.5	9490	9672	9575	9576
504	9497	9679	9583	9584
504.5	9503	9688	9591	9592
505	9508	9699	9598	9600
505.5	9528	9708	9609	9610
506	9544	9714	9619	9619
506.5	9555	9720	9629	9629
507	9562	9731	9638	9639
507.5	9567	9747	9648	9649
508	9570	9766	9656	9658
508.5	9573	9788	9665	9668
509	9576	9812	9673	9678
509.5	9578	9841	9681	9688
510	9581	9869	9689	9697
