depth	min.95	max.95	median	mean
0	-75	-73	-74	-74
0.5	-73	-71	-72	-72
1	-71	-69	-70	-70
1.5	-69	-66	-68	-68
2	-68	-64	-65	-66
2.5	-66	-62	-63	-63
3	-65	-59	-61	-61
3.5	-63	-57	-59	-59
4	-61	-54	-57	-57
4.5	-60	-52	-55	-55
5	-58	-49	-53	-53
5.5	-54	-46	-49	-49
6	-51	-42	-45	-46
6.5	-47	-38	-41	-42
7	-45	-33	-38	-38
7.5	-42	-28	-34	-34
8	-39	-23	-30	-30
8.5	-37	-18	-26	-27
9	-35	-13	-22	-23
9.5	-33	-8	-19	-19
10	-30	-3	-15	-15
10.5	-23	2	-9	-9
11	-18	9	-3	-3
11.5	-14	18	3	3
12	-11	28	9	9
12.5	-8	38	14	15
13	-6	49	20	20
13.5	-4	60	26	26
14	-2	70	32	32
14.5	0	81	38	38
15	2	92	44	44
15.5	14	101	55	55
16	22	116	66	66
16.5	29	136	76	77
17	33	158	87	89
17.5	37	182	97	100
18	40	207	108	111
18.5	43	232	119	122
19	46	260	129	133
19.5	48	288	139	144
20	51	315	150	155
20.5	81	343	188	193
21	99	386	225	231
21.5	107	451	261	269
22	115	532	291	307
22.5	122	618	317	345
23	132	704	342	384
23.5	137	795	363	422
24	142	884	389	460
24.5	151	971	417	498
25	157	1059	448	536
25.5	197	1069	495	573
26	231	1090	550	610
26.5	246	1108	606	647
27	258	1130	669	684
27.5	270	1158	730	721
28	281	1190	780	758
28.5	293	1224	818	795
29	305	1256	864	832
29.5	317	1305	903	869
30	329	1353	933	906
30.5	407	1359	964	933
31	473	1366	996	961
31.5	518	1371	1028	989
32	548	1378	1054	1016
32.5	564	1388	1083	1044
33	580	1396	1109	1071
33.5	594	1407	1137	1099
34	609	1421	1165	1126
34.5	624	1441	1192	1154
35	641	1470	1220	1181
35.5	734	1475	1248	1214
36	826	1480	1276	1247
36.5	919	1484	1306	1280
37	1010	1487	1335	1312
37.5	1104	1492	1361	1345
38	1195	1499	1387	1378
38.5	1281	1508	1412	1411
39	1356	1517	1442	1443
39.5	1398	1550	1477	1476
40	1417	1625	1508	1509
40.5	1443	1642	1537	1537
41	1459	1680	1564	1565
41.5	1469	1736	1588	1593
42	1477	1799	1613	1621
42.5	1484	1864	1637	1649
43	1491	1927	1659	1677
43.5	1498	1995	1683	1705
44	1504	2068	1705	1733
44.5	1511	2136	1727	1760
45	1517	2201	1748	1788
45.5	1538	2244	1771	1815
46	1554	2287	1801	1841
46.5	1565	2320	1831	1868
47	1575	2352	1862	1894
47.5	1584	2394	1891	1921
48	1594	2443	1917	1947
48.5	1605	2504	1943	1974
49	1614	2552	1964	2000
49.5	1622	2610	1988	2027
50	1630	2676	2011	2053
50.5	1668	2716	2047	2089
51	1695	2753	2088	2125
51.5	1716	2790	2132	2161
52	1728	2837	2179	2198
52.5	1744	2886	2220	2234
53	1761	2928	2255	2270
53.5	1774	2981	2287	2306
54	1789	3032	2324	2342
54.5	1800	3091	2360	2378
55	1811	3160	2397	2414
55.5	1843	3182	2422	2441
56	1878	3207	2449	2467
56.5	1907	3224	2475	2494
57	1923	3241	2506	2520
57.5	1934	3261	2531	2547
58	1946	3274	2565	2574
58.5	1956	3293	2596	2600
59	1962	3311	2625	2627
59.5	1968	3350	2656	2653
60	1975	3384	2686	2680
60.5	1999	3400	2711	2707
61	2020	3414	2736	2733
61.5	2046	3427	2762	2760
62	2070	3443	2788	2787
62.5	2087	3459	2817	2814
63	2102	3486	2839	2841
63.5	2123	3506	2868	2868
64	2146	3535	2899	2894
64.5	2164	3579	2919	2921
65	2185	3633	2944	2948
65.5	2214	3645	2991	2986
66	2247	3660	3040	3025
66.5	2276	3684	3084	3063
67	2297	3712	3125	3101
67.5	2321	3745	3165	3140
68	2349	3798	3208	3178
68.5	2364	3857	3249	3216
69	2380	3934	3287	3255
69.5	2398	4007	3326	3293
70	2418	4078	3369	3331
70.5	2427	4088	3392	3355
71	2434	4096	3412	3378
71.5	2445	4106	3435	3401
72	2454	4122	3457	3425
72.5	2461	4134	3481	3448
73	2472	4166	3507	3471
73.5	2480	4195	3532	3495
74	2489	4221	3557	3518
74.5	2498	4255	3575	3541
75	2504	4301	3599	3565
75.5	2576	4308	3629	3594
76	2670	4318	3667	3624
76.5	2745	4329	3700	3653
77	2802	4337	3734	3683
77.5	2849	4345	3763	3713
78	2875	4358	3795	3742
78.5	2889	4382	3827	3772
79	2912	4406	3856	3802
79.5	2927	4452	3881	3831
80	2943	4486	3911	3861
80.5	3010	4503	3943	3895
81	3071	4517	3972	3929
81.5	3140	4538	4013	3963
82	3181	4560	4052	3997
82.5	3202	4581	4083	4031
83	3229	4593	4124	4065
83.5	3273	4613	4163	4099
84	3314	4641	4196	4134
84.5	3340	4669	4228	4168
85	3382	4703	4260	4202
85.5	3436	4709	4293	4229
86	3525	4713	4320	4257
86.5	3609	4719	4349	4285
87	3670	4724	4373	4313
87.5	3713	4730	4398	4341
88	3758	4737	4429	4368
88.5	3798	4744	4455	4396
89	3830	4752	4479	4424
89.5	3850	4766	4512	4452
90	3877	4785	4538	4479
90.5	3964	4790	4565	4512
91	4056	4796	4591	4545
91.5	4151	4801	4617	4578
92	4242	4808	4644	4610
92.5	4335	4814	4670	4643
93	4427	4820	4697	4676
93.5	4511	4828	4725	4708
94	4590	4836	4754	4741
94.5	4652	4847	4784	4774
95	4698	4872	4814	4807
95.5	4741	4888	4826	4821
96	4783	4899	4838	4836
96.5	4813	4914	4851	4851
97	4831	4930	4864	4866
97.5	4840	4955	4876	4881
98	4846	4991	4888	4896
98.5	4849	5030	4901	4911
99	4852	5073	4913	4926
99.5	4853	5116	4926	4941
100	4856	5157	4939	4956
100.5	4872	5172	4953	4970
101	4882	5189	4969	4985
101.5	4888	5205	4984	5000
102	4892	5233	5000	5015
102.5	4896	5260	5015	5030
103	4899	5292	5029	5045
103.5	4903	5326	5042	5060
104	4905	5362	5055	5075
104.5	4908	5397	5068	5090
105	4911	5438	5080	5105
105.5	4927	5447	5093	5119
106	4937	5459	5107	5133
106.5	4945	5470	5122	5147
107	4952	5489	5136	5160
107.5	4958	5508	5151	5174
108	4962	5526	5165	5188
108.5	4965	5546	5180	5202
109	4970	5573	5196	5216
109.5	4973	5599	5212	5230
110	4977	5625	5225	5244
110.5	4992	5635	5238	5257
111	5005	5645	5252	5270
111.5	5014	5658	5265	5283
112	5022	5671	5277	5296
112.5	5030	5687	5289	5309
113	5037	5709	5300	5322
113.5	5043	5724	5314	5336
114	5051	5743	5327	5349
114.5	5055	5767	5339	5362
115	5063	5787	5354	5375
115.5	5081	5795	5368	5389
116	5097	5806	5382	5402
116.5	5110	5816	5397	5416
117	5123	5827	5409	5430
117.5	5130	5839	5424	5444
118	5139	5854	5437	5457
118.5	5145	5871	5453	5471
119	5155	5891	5467	5485
119.5	5163	5908	5483	5499
120	5170	5925	5498	5513
120.5	5184	5945	5511	5526
121	5200	5962	5524	5539
121.5	5211	5974	5536	5553
122	5225	5985	5549	5566
122.5	5234	6000	5563	5580
123	5246	6020	5577	5593
123.5	5254	6033	5591	5607
124	5264	6046	5605	5620
124.5	5274	6060	5617	5634
125	5280	6083	5629	5647
125.5	5296	6091	5645	5661
126	5314	6102	5660	5675
126.5	5327	6112	5675	5689
127	5339	6124	5691	5703
127.5	5346	6135	5705	5717
128	5354	6142	5721	5731
128.5	5360	6157	5735	5745
129	5367	6175	5749	5759
129.5	5375	6195	5767	5773
130	5380	6217	5781	5787
130.5	5396	6224	5794	5801
131	5410	6238	5807	5814
131.5	5422	6247	5822	5828
132	5431	6258	5837	5841
132.5	5443	6267	5851	5855
133	5454	6283	5868	5868
133.5	5470	6296	5882	5882
134	5480	6313	5895	5895
134.5	5491	6327	5909	5909
135	5499	6342	5924	5922
135.5	5511	6352	5938	5935
136	5526	6361	5951	5948
136.5	5543	6370	5964	5961
137	5558	6381	5977	5974
137.5	5569	6396	5991	5987
138	5576	6405	6004	6000
138.5	5587	6414	6019	6013
139	5599	6426	6030	6026
139.5	5610	6440	6044	6039
140	5618	6454	6057	6052
140.5	5632	6463	6069	6065
141	5650	6474	6083	6078
141.5	5663	6487	6097	6092
142	5676	6499	6112	6105
142.5	5690	6510	6128	6119
143	5702	6519	6142	6132
143.5	5715	6533	6156	6146
144	5723	6551	6171	6159
144.5	5733	6565	6185	6173
145	5743	6583	6199	6186
145.5	5754	6592	6211	6199
146	5767	6600	6224	6213
146.5	5783	6607	6237	6226
147	5798	6616	6252	6240
147.5	5813	6627	6266	6253
148	5821	6638	6278	6266
148.5	5831	6649	6291	6280
149	5840	6659	6305	6293
149.5	5851	6672	6319	6307
150	5861	6689	6333	6320
150.5	5887	6694	6347	6334
151	5908	6701	6362	6347
151.5	5929	6710	6376	6361
152	5942	6721	6389	6375
152.5	5961	6732	6402	6389
153	5973	6745	6417	6402
153.5	5987	6757	6432	6416
154	6005	6773	6444	6430
154.5	6016	6785	6457	6443
155	6032	6803	6470	6457
155.5	6050	6814	6483	6470
156	6069	6817	6498	6483
156.5	6087	6824	6510	6496
157	6103	6829	6524	6509
157.5	6122	6837	6536	6522
158	6139	6848	6550	6534
158.5	6152	6860	6563	6547
159	6161	6872	6575	6560
159.5	6169	6885	6588	6573
160	6182	6900	6600	6586
160.5	6195	6908	6612	6600
161	6220	6916	6626	6613
161.5	6242	6923	6642	6627
162	6263	6930	6657	6640
162.5	6281	6940	6671	6654
163	6295	6949	6684	6668
163.5	6308	6958	6698	6681
164	6326	6968	6710	6695
164.5	6337	6984	6725	6708
165	6352	6999	6738	6722
165.5	6376	7006	6751	6735
166	6400	7009	6764	6748
166.5	6429	7014	6778	6761
167	6448	7020	6790	6775
167.5	6465	7025	6802	6788
168	6485	7031	6817	6801
168.5	6496	7038	6830	6814
169	6506	7046	6845	6827
169.5	6514	7054	6858	6840
170	6532	7065	6871	6854
170.5	6563	7069	6882	6867
171	6597	7072	6894	6880
171.5	6624	7077	6906	6893
172	6657	7081	6917	6907
172.5	6681	7086	6929	6920
173	6711	7091	6943	6933
173.5	6733	7097	6956	6946
174	6754	7104	6968	6960
174.5	6771	7114	6981	6973
175	6785	7125	6995	6986
175.5	6826	7128	7010	7002
176	6863	7132	7026	7018
176.5	6897	7137	7041	7034
177	6927	7142	7058	7050
177.5	6948	7152	7074	7066
178	6961	7175	7092	7082
178.5	6971	7207	7108	7098
179	6980	7247	7122	7114
179.5	6988	7291	7134	7130
180	6993	7333	7147	7146
180.5	7016	7365	7172	7173
181	7032	7409	7197	7200
181.5	7043	7460	7219	7227
182	7052	7538	7241	7254
182.5	7061	7607	7263	7281
183	7070	7683	7284	7307
183.5	7076	7762	7304	7334
184	7084	7842	7326	7361
184.5	7090	7921	7346	7388
185	7096	8008	7367	7415
185.5	7118	8030	7391	7439
186	7140	8056	7418	7464
186.5	7152	8091	7444	7488
187	7167	8121	7470	7513
187.5	7180	8157	7495	7537
188	7191	8189	7520	7562
188.5	7199	8218	7545	7586
189	7207	8262	7569	7611
189.5	7217	8304	7591	7635
190	7225	8359	7616	7660
190.5	7249	8382	7641	7686
191	7264	8413	7667	7713
191.5	7282	8439	7696	7739
192	7294	8483	7724	7766
192.5	7305	8521	7749	7792
193	7313	8567	7774	7819
193.5	7322	8619	7802	7845
194	7333	8663	7825	7872
194.5	7341	8721	7848	7898
195	7349	8785	7873	7925
195.5	7377	8808	7898	7949
196	7403	8835	7923	7973
196.5	7422	8861	7947	7998
197	7434	8894	7971	8022
197.5	7457	8922	7994	8046
198	7468	8956	8022	8070
198.5	7485	8984	8046	8095
199	7497	9023	8071	8119
199.5	7505	9072	8095	8143
200	7514	9132	8114	8168
200.5	7537	9160	8140	8192
201	7558	9181	8166	8217
201.5	7575	9202	8193	8242
202	7589	9219	8218	8266
202.5	7602	9241	8245	8291
203	7618	9271	8272	8316
203.5	7629	9311	8298	8340
204	7642	9349	8326	8365
204.5	7653	9390	8351	8390
205	7670	9438	8375	8415
205.5	7693	9460	8398	8440
206	7717	9479	8426	8465
206.5	7734	9522	8448	8490
207	7750	9549	8471	8515
