depth	min.95	max.95	median	mean
0	-74	-70	-72	-72
0.5	-72	-44	-63	-61
1	-71	-16	-54	-51
1.5	-70	13	-45	-40
2	-69	41	-36	-29
2.5	-69	69	-26	-18
3	-68	96	-17	-7
3.5	-67	124	-8	3
4	-67	152	2	14
4.5	-66	180	11	25
5	-65	208	20	36
5.5	-60	213	34	47
6	-55	218	48	58
6.5	-51	226	64	69
7	-48	231	82	81
7.5	-46	243	100	92
8	-43	259	114	103
8.5	-41	269	126	114
9	-38	290	136	125
9.5	-36	307	146	136
10	-33	329	155	148
10.5	-12	338	167	159
11	-3	345	178	170
11.5	6	354	190	182
12	14	360	200	193
12.5	20	370	212	204
13	26	380	225	215
13.5	31	390	235	227
14	36	402	247	238
14.5	40	415	260	249
15	43	433	271	261
15.5	75	435	280	273
16	102	438	290	285
16.5	127	440	300	297
17	149	443	310	309
17.5	169	445	320	321
18	189	450	334	333
18.5	207	454	349	345
19	224	459	370	357
19.5	233	463	386	369
20	240	473	399	381
20.5	272	477	417	399
21	301	483	438	416
21.5	326	491	458	434
22	339	516	473	451
22.5	348	553	485	469
23	353	591	496	487
23.5	358	631	506	504
24	362	672	519	522
24.5	366	716	535	539
25	370	757	549	557
25.5	403	768	567	578
26	433	792	586	599
26.5	466	819	605	619
27	485	849	626	640
27.5	496	886	649	661
28	502	927	670	682
28.5	508	966	693	702
29	516	1004	715	723
29.5	520	1042	738	744
30	525	1082	760	765
30.5	537	1109	785	790
31	544	1137	807	815
31.5	554	1165	837	840
32	562	1199	865	865
32.5	570	1224	895	890
33	584	1253	925	915
33.5	596	1285	955	941
34	608	1314	983	966
34.5	619	1346	1012	991
35	626	1381	1041	1016
35.5	671	1387	1059	1037
36	710	1397	1079	1058
36.5	744	1408	1097	1079
37	765	1420	1114	1100
37.5	779	1432	1131	1121
38	800	1445	1150	1143
38.5	811	1459	1170	1164
39	822	1477	1192	1185
39.5	836	1498	1214	1206
40	852	1526	1235	1227
40.5	876	1537	1254	1246
41	907	1545	1271	1264
41.5	944	1557	1291	1283
42	979	1569	1311	1302
42.5	999	1582	1330	1320
43	1019	1599	1347	1339
43.5	1040	1616	1366	1358
44	1062	1634	1388	1376
44.5	1084	1657	1407	1395
45	1105	1682	1424	1414
45.5	1129	1690	1438	1428
46	1152	1697	1451	1442
46.5	1175	1704	1465	1456
47	1198	1709	1478	1470
47.5	1220	1715	1491	1484
48	1241	1723	1505	1498
48.5	1266	1730	1520	1512
49	1283	1736	1535	1527
49.5	1299	1747	1548	1541
50	1315	1757	1564	1555
50.5	1349	1760	1576	1568
51	1380	1763	1588	1582
51.5	1408	1766	1601	1596
52	1432	1771	1614	1610
52.5	1453	1776	1628	1623
53	1471	1781	1642	1637
53.5	1487	1787	1657	1651
54	1503	1795	1673	1664
54.5	1515	1802	1688	1678
55	1526	1813	1704	1692
55.5	1559	1817	1714	1705
56	1592	1821	1725	1718
56.5	1624	1825	1734	1731
57	1657	1830	1744	1745
57.5	1689	1836	1755	1758
58	1718	1843	1767	1771
58.5	1741	1854	1781	1784
59	1750	1866	1794	1798
59.5	1754	1885	1808	1811
60	1757	1911	1821	1824
60.5	1764	1918	1828	1831
61	1769	1930	1835	1839
61.5	1773	1941	1842	1846
62	1776	1952	1850	1853
62.5	1779	1966	1857	1861
63	1782	1983	1864	1868
63.5	1784	2006	1870	1875
64	1786	2029	1877	1883
64.5	1788	2054	1883	1890
65	1790	2077	1890	1897
65.5	1795	2083	1896	1905
66	1800	2090	1904	1912
66.5	1805	2095	1911	1919
67	1811	2105	1918	1926
67.5	1815	2115	1925	1933
68	1818	2128	1931	1940
68.5	1820	2136	1938	1947
69	1823	2147	1944	1954
69.5	1826	2157	1951	1962
70	1826	2173	1956	1969
70.5	1834	2179	1963	1975
71	1840	2186	1968	1980
71.5	1847	2195	1975	1986
72	1853	2204	1981	1992
72.5	1857	2215	1986	1998
73	1860	2223	1993	2004
73.5	1863	2231	1998	2010
74	1866	2240	2005	2016
74.5	1869	2248	2011	2022
75	1871	2259	2018	2028
75.5	1880	2263	2025	2034
76	1886	2270	2032	2041
76.5	1893	2273	2038	2047
77	1898	2279	2044	2054
77.5	1903	2283	2051	2060
78	1908	2287	2057	2067
78.5	1910	2293	2063	2073
79	1913	2299	2071	2080
79.5	1917	2305	2077	2086
80	1920	2316	2084	2093
80.5	1924	2322	2091	2099
81	1932	2324	2096	2105
81.5	1936	2330	2102	2112
82	1940	2338	2109	2118
82.5	1944	2342	2116	2124
83	1949	2347	2123	2130
83.5	1953	2353	2130	2137
84	1957	2360	2136	2143
84.5	1960	2368	2142	2149
85	1963	2373	2149	2156
85.5	1972	2377	2155	2162
86	1979	2383	2162	2168
86.5	1986	2390	2168	2175
87	1989	2395	2175	2181
87.5	1991	2399	2182	2187
88	1997	2404	2189	2194
88.5	2002	2410	2196	2200
89	2005	2417	2202	2206
89.5	2010	2426	2208	2213
90	2012	2435	2215	2219
90.5	2020	2442	2222	2226
91	2028	2447	2230	2234
91.5	2038	2451	2238	2241
92	2046	2458	2247	2248
92.5	2052	2467	2255	2256
93	2055	2473	2264	2263
93.5	2059	2479	2272	2270
94	2065	2487	2279	2277
94.5	2070	2497	2287	2285
95	2073	2506	2296	2292
95.5	2080	2510	2302	2298
96	2087	2514	2308	2304
96.5	2093	2519	2313	2310
97	2101	2523	2318	2316
97.5	2106	2530	2324	2322
98	2113	2536	2329	2328
98.5	2119	2541	2335	2334
99	2125	2549	2341	2340
99.5	2130	2556	2347	2346
100	2136	2564	2355	2352
100.5	2143	2567	2363	2360
101	2150	2570	2371	2367
101.5	2157	2574	2378	2375
102	2161	2579	2387	2383
102.5	2167	2584	2395	2390
103	2171	2588	2404	2398
103.5	2176	2594	2414	2405
104	2181	2601	2422	2413
104.5	2186	2606	2432	2420
105	2189	2613	2441	2428
105.5	2200	2617	2446	2434
106	2207	2623	2452	2441
106.5	2216	2628	2457	2448
107	2221	2634	2463	2454
107.5	2227	2640	2469	2461
108	2234	2646	2475	2467
108.5	2240	2655	2482	2474
109	2248	2665	2489	2480
109.5	2250	2674	2496	2487
110	2259	2682	2501	2493
110.5	2263	2686	2507	2499
111	2271	2692	2513	2506
111.5	2275	2697	2519	2512
112	2281	2703	2526	2518
112.5	2285	2708	2532	2525
113	2289	2715	2539	2531
113.5	2292	2721	2546	2537
114	2296	2726	2552	2543
114.5	2299	2733	2558	2550
115	2303	2739	2565	2556
115.5	2313	2742	2570	2562
116	2325	2745	2576	2568
116.5	2335	2748	2582	2574
117	2348	2754	2588	2579
117.5	2354	2758	2594	2585
118	2357	2762	2600	2591
118.5	2365	2769	2605	2597
119	2368	2776	2612	2603
119.5	2371	2782	2618	2609
120	2376	2790	2624	2615
120.5	2394	2794	2631	2622
121	2410	2798	2638	2630
121.5	2421	2802	2645	2637
122	2436	2808	2652	2645
122.5	2447	2814	2659	2652
123	2454	2821	2667	2660
123.5	2462	2829	2674	2667
124	2470	2837	2680	2675
124.5	2478	2845	2686	2682
125	2484	2855	2692	2690
125.5	2499	2858	2699	2697
126	2513	2859	2706	2703
126.5	2525	2863	2712	2710
127	2536	2867	2719	2717
127.5	2548	2872	2726	2724
128	2555	2875	2733	2730
128.5	2563	2879	2741	2737
129	2569	2886	2748	2744
129.5	2577	2892	2755	2750
130	2581	2898	2763	2757
130.5	2593	2901	2769	2763
131	2606	2903	2776	2770
131.5	2619	2905	2782	2776
132	2626	2908	2789	2782
132.5	2633	2911	2796	2788
133	2638	2914	2804	2795
133.5	2643	2916	2811	2801
134	2649	2920	2817	2807
134.5	2656	2924	2823	2813
135	2660	2930	2830	2820
135.5	2682	2932	2837	2828
136	2701	2934	2844	2836
136.5	2721	2936	2850	2844
137	2740	2939	2856	2852
137.5	2759	2941	2863	2860
138	2776	2943	2869	2868
138.5	2794	2947	2877	2876
139	2810	2951	2885	2885
139.5	2823	2956	2894	2893
140	2833	2964	2902	2901
140.5	2853	2970	2911	2910
141	2867	2978	2921	2919
141.5	2876	2988	2929	2929
142	2881	3001	2938	2938
142.5	2885	3019	2947	2947
143	2888	3044	2953	2956
143.5	2890	3070	2961	2966
144	2893	3097	2967	2975
144.5	2895	3126	2974	2984
145	2896	3156	2980	2993
145.5	2909	3162	2993	3005
146	2915	3172	3006	3017
146.5	2921	3183	3020	3029
147	2925	3195	3032	3040
147.5	2929	3212	3043	3052
148	2934	3231	3053	3064
148.5	2937	3260	3063	3075
149	2939	3293	3073	3087
149.5	2942	3327	3082	3099
150	2946	3360	3092	3111
150.5	2953	3368	3103	3120
151	2962	3380	3114	3130
151.5	2967	3393	3124	3140
152	2973	3403	3134	3150
152.5	2980	3415	3145	3160
153	2986	3426	3156	3170
153.5	2990	3437	3166	3180
154	2996	3454	3176	3189
154.5	3001	3465	3185	3199
155	3007	3479	3196	3209
155.5	3014	3482	3205	3218
156	3021	3487	3215	3227
156.5	3029	3497	3225	3236
157	3035	3503	3235	3245
157.5	3041	3509	3246	3254
158	3046	3516	3255	3263
158.5	3050	3525	3264	3272
159	3056	3536	3274	3280
159.5	3059	3552	3284	3289
160	3064	3562	3293	3298
160.5	3077	3570	3303	3309
161	3086	3579	3314	3320
161.5	3095	3590	3325	3331
162	3105	3599	3338	3342
162.5	3110	3610	3351	3354
163	3120	3621	3363	3365
163.5	3128	3633	3376	3376
164	3131	3642	3389	3387
164.5	3137	3659	3399	3398
165	3142	3673	3410	3409
165.5	3158	3678	3418	3419
166	3169	3682	3428	3428
166.5	3178	3689	3439	3438
167	3186	3696	3449	3448
167.5	3195	3703	3460	3458
168	3205	3711	3472	3468
168.5	3212	3719	3482	3478
169	3220	3726	3495	3487
169.5	3226	3736	3505	3497
170	3232	3746	3516	3507
170.5	3249	3753	3524	3517
171	3265	3760	3532	3526
171.5	3280	3765	3541	3536
172	3293	3772	3549	3546
172.5	3304	3780	3558	3555
173	3316	3790	3569	3565
173.5	3326	3798	3578	3575
174	3337	3806	3589	3585
174.5	3346	3816	3599	3594
175	3353	3825	3608	3604
175.5	3369	3828	3616	3613
176	3381	3833	3625	3622
176.5	3390	3837	3634	3631
177	3398	3844	3644	3640
177.5	3406	3851	3653	3649
178	3413	3858	3663	3658
178.5	3420	3862	3672	3667
179	3427	3868	3682	3676
179.5	3434	3880	3690	3684
180	3442	3891	3700	3693
180.5	3456	3897	3709	3703
181	3470	3902	3719	3712
181.5	3488	3910	3728	3722
182	3502	3917	3739	3731
182.5	3514	3925	3750	3741
183	3526	3932	3760	3750
183.5	3536	3941	3770	3760
184	3546	3950	3779	3769
184.5	3555	3961	3789	3778
185	3564	3972	3799	3788
185.5	3588	3977	3808	3797
186	3606	3981	3815	3807
186.5	3625	3985	3822	3816
187	3643	3990	3831	3826
187.5	3655	3993	3840	3836
188	3669	3998	3849	3845
188.5	3679	4004	3859	3855
189	3689	4010	3869	3864
189.5	3701	4018	3879	3874
190	3710	4029	3889	3883
190.5	3725	4033	3898	3892
191	3739	4038	3906	3901
191.5	3755	4043	3914	3910
192	3767	4049	3923	3919
192.5	3779	4055	3933	3928
193	3788	4061	3942	3937
193.5	3796	4068	3951	3945
194	3805	4076	3961	3954
194.5	3812	4087	3970	3963
195	3818	4099	3979	3972
195.5	3848	4103	3986	3982
196	3873	4108	3994	3992
196.5	3895	4113	4003	4003
197	3917	4118	4013	4013
197.5	3935	4123	4023	4023
198	3955	4128	4033	4033
198.5	3970	4136	4043	4043
199	3978	4146	4054	4053
199.5	3985	4156	4064	4063
200	3990	4170	4074	4074
200.5	4002	4185	4088	4088
201	4010	4206	4101	4102
201.5	4017	4227	4115	4116
202	4021	4254	4128	4131
202.5	4026	4283	4141	4145
203	4031	4317	4153	4159
203.5	4036	4350	4164	4173
204	4039	4384	4176	4188
204.5	4043	4418	4189	4202
205	4046	4454	4201	4216
205.5	4059	4474	4222	4236
206	4072	4496	4245	4256
206.5	4082	4521	4265	4276
207	4091	4545	4286	4296
207.5	4099	4571	4306	4316
208	4103	4611	4327	4336
208.5	4107	4655	4346	4356
209	4114	4700	4366	4376
209.5	4120	4750	4384	4396
210	4125	4801	4402	4416
210.5	4135	4813	4417	4431
211	4146	4823	4432	4446
211.5	4156	4833	4449	4461
212	4167	4846	4464	4476
212.5	4172	4855	4481	4491
213	4180	4867	4498	4507
213.5	4187	4878	4515	4522
214	4191	4892	4535	4537
214.5	4196	4911	4551	4552
215	4202	4930	4568	4567
215.5	4213	4950	4581	4581
216	4222	4967	4593	4595
216.5	4230	4986	4605	4608
217	4234	5006	4618	4622
217.5	4241	5031	4630	4636
218	4250	5054	4643	4650
218.5	4257	5082	4655	4663
219	4262	5111	4666	4677
219.5	4269	5142	4679	4691
220	4275	5173	4693	4704
220.5	4290	5183	4705	4716
221	4306	5193	4718	4728
221.5	4324	5201	4729	4740
222	4347	5208	4741	4752
222.5	4360	5216	4753	4764
223	4376	5226	4764	4776
223.5	4387	5237	4776	4788
224	4399	5250	4787	4800
224.5	4412	5265	4796	4812
225	4427	5277	4807	4823
225.5	4436	5286	4819	4835
226	4450	5292	4832	4847
226.5	4460	5303	4846	4859
227	4469	5309	4859	4871
227.5	4476	5318	4874	4883
228	4483	5324	4886	4895
228.5	4490	5331	4900	4907
229	4499	5343	4914	4919
229.5	4507	5349	4926	4931
230	4512	5355	4938	4943
230.5	4524	5361	4954	4957
231	4535	5368	4970	4972
231.5	4550	5373	4988	4987
232	4559	5380	5004	5001
232.5	4571	5387	5019	5016
233	4582	5396	5034	5030
233.5	4590	5410	5049	5045
234	4598	5431	5066	5060
234.5	4609	5452	5083	5074
235	4616	5473	5099	5089
235.5	4642	5481	5114	5105
236	4666	5489	5129	5121
236.5	4699	5498	5145	5137
237	4723	5506	5163	5153
237.5	4740	5516	5181	5169
238	4754	5528	5196	5186
238.5	4768	5537	5214	5202
239	4779	5552	5226	5218
239.5	4785	5574	5240	5234
240	4793	5602	5256	5250
240.5	4836	5608	5277	5270
241	4879	5615	5299	5291
241.5	4912	5622	5322	5311
242	4945	5630	5348	5331
242.5	4977	5638	5369	5352
243	5007	5650	5391	5372
243.5	5036	5661	5412	5392
244	5064	5680	5430	5413
244.5	5089	5698	5450	5433
245	5113	5718	5470	5453
245.5	5131	5722	5479	5466
246	5147	5726	5490	5478
246.5	5163	5734	5500	5490
247	5176	5741	5513	5502
247.5	5191	5748	5523	5514
248	5203	5756	5534	5526
248.5	5217	5765	5547	5539
249	5231	5771	5559	5551
249.5	5243	5779	5571	5563
250	5255	5788	5583	5575
250.5	5294	5792	5595	5588
251	5330	5796	5607	5600
251.5	5370	5799	5619	5613
252	5408	5803	5633	5626
252.5	5444	5807	5646	5639
253	5467	5814	5659	5651
253.5	5489	5821	5672	5664
254	5506	5828	5685	5677
254.5	5517	5834	5698	5690
255	5528	5845	5711	5702
255.5	5558	5849	5721	5715
256	5588	5853	5731	5727
256.5	5618	5858	5741	5740
257	5648	5863	5750	5752
257.5	5674	5868	5760	5765
258	5701	5875	5771	5777
258.5	5725	5882	5782	5790
259	5744	5893	5794	5802
259.5	5754	5907	5808	5815
260	5759	5926	5821	5827
260.5	5765	5932	5828	5834
261	5770	5937	5835	5840
261.5	5773	5944	5841	5847
262	5776	5953	5848	5853
262.5	5779	5961	5855	5860
263	5781	5971	5862	5866
263.5	5784	5982	5868	5873
264	5786	5993	5875	5879
264.5	5787	6005	5882	5886
265	5789	6018	5888	5892
265.5	5798	6023	5895	5899
266	5805	6028	5902	5906
266.5	5810	6033	5910	5913
267	5815	6040	5917	5920
267.5	5820	6049	5923	5926
268	5824	6059	5929	5933
268.5	5828	6070	5935	5940
269	5832	6080	5943	5947
269.5	5835	6094	5949	5954
270	5837	6107	5955	5960
270.5	5845	6111	5962	5967
271	5852	6114	5968	5974
271.5	5857	6118	5976	5980
272	5862	6122	5984	5987
272.5	5869	6127	5991	5994
273	5874	6132	5998	6000
273.5	5878	6139	6006	6007
274	5883	6148	6014	6014
274.5	5888	6160	6020	6020
275	5891	6167	6027	6027
275.5	5903	6171	6034	6035
276	5914	6175	6042	6042
276.5	5924	6181	6051	6050
277	5933	6187	6059	6057
277.5	5941	6196	6066	6065
278	5948	6202	6075	6072
278.5	5954	6208	6083	6080
279	5959	6217	6091	6087
279.5	5965	6228	6099	6095
280	5969	6241	6107	6102
280.5	5983	6243	6115	6111
281	5995	6245	6123	6121
281.5	6004	6249	6133	6130
282	6013	6253	6143	6139
282.5	6021	6257	6153	6148
283	6027	6265	6165	6157
283.5	6033	6282	6173	6167
284	6039	6300	6180	6176
284.5	6045	6318	6188	6185
285	6049	6338	6194	6194
285.5	6063	6351	6212	6210
286	6072	6368	6227	6226
286.5	6078	6398	6244	6242
287	6088	6420	6260	6257
287.5	6094	6442	6277	6273
288	6100	6474	6290	6289
288.5	6105	6510	6304	6305
289	6110	6547	6316	6321
289.5	6115	6587	6328	6336
290	6120	6626	6341	6352
290.5	6135	6638	6353	6366
291	6149	6652	6366	6380
291.5	6161	6666	6381	6394
292	6172	6684	6397	6408
292.5	6181	6704	6412	6421
293	6190	6728	6426	6435
293.5	6199	6743	6442	6449
294	6206	6765	6456	6463
294.5	6212	6790	6471	6477
295	6218	6820	6484	6491
295.5	6229	6834	6500	6505
296	6239	6846	6514	6520
296.5	6247	6860	6528	6534
297	6257	6877	6546	6549
297.5	6265	6893	6562	6563
298	6274	6911	6578	6578
298.5	6284	6927	6593	6592
299	6291	6953	6608	6607
299.5	6299	6979	6623	6621
300	6305	7003	6637	6636
300.5	6322	7015	6655	6653
301	6333	7029	6673	6670
301.5	6342	7042	6690	6686
302	6354	7053	6709	6703
302.5	6363	7062	6726	6720
303	6369	7076	6742	6737
303.5	6374	7107	6762	6754
304	6378	7143	6780	6771
304.5	6382	7170	6795	6787
305	6388	7206	6808	6804
305.5	6417	7219	6824	6821
306	6437	7231	6841	6838
306.5	6453	7250	6858	6855
307	6464	7268	6876	6871
307.5	6475	7287	6895	6888
308	6484	7301	6915	6905
308.5	6492	7319	6937	6922
309	6501	7337	6953	6939
309.5	6507	7360	6968	6956
310	6516	7386	6987	6972
310.5	6550	7397	7009	6992
311	6571	7406	7030	7012
311.5	6594	7417	7050	7031
312	6622	7432	7069	7051
312.5	6646	7445	7087	7071
313	6662	7461	7105	7090
313.5	6676	7473	7127	7110
314	6687	7492	7147	7130
314.5	6698	7513	7166	7149
315	6706	7542	7186	7169
315.5	6719	7552	7199	7182
316	6733	7564	7212	7195
316.5	6750	7580	7225	7207
317	6763	7593	7237	7220
317.5	6781	7604	7249	7233
318	6797	7615	7260	7246
318.5	6810	7631	7273	7259
319	6825	7646	7286	7272
319.5	6832	7664	7298	7285
320	6839	7682	7308	7297
320.5	6848	7689	7324	7310
321	6860	7697	7339	7322
321.5	6871	7705	7353	7335
322	6880	7712	7367	7347
322.5	6886	7721	7380	7360
323	6897	7727	7394	7372
323.5	6903	7739	7408	7385
324	6914	7747	7422	7397
324.5	6923	7760	7435	7409
325	6932	7769	7448	7422
325.5	6955	7776	7465	7442
326	6976	7786	7485	7463
326.5	6991	7793	7504	7483
327	7016	7803	7527	7503
327.5	7044	7814	7550	7523
328	7058	7825	7573	7544
328.5	7082	7839	7594	7564
329	7107	7854	7615	7584
329.5	7128	7871	7637	7605
330	7148	7893	7658	7625
330.5	7192	7897	7673	7641
331	7231	7901	7687	7657
331.5	7269	7906	7704	7673
332	7302	7911	7722	7689
332.5	7334	7916	7738	7705
333	7361	7922	7753	7721
333.5	7389	7929	7768	7738
334	7416	7938	7782	7754
334.5	7441	7949	7797	7770
335	7459	7962	7812	7786
335.5	7506	7965	7825	7801
336	7551	7968	7838	7817
336.5	7596	7971	7850	7833
337	7641	7973	7862	7848
337.5	7686	7977	7875	7864
338	7728	7980	7888	7879
338.5	7766	7985	7902	7895
339	7794	7990	7917	7910
339.5	7819	7995	7932	7926
340	7841	8005	7948	7942
340.5	7885	8010	7966	7962
341	7924	8018	7985	7982
341.5	7952	8047	8004	8003
342	7967	8090	8022	8023
342.5	7974	8139	8040	8043
343	7980	8190	8058	8064
343.5	7984	8242	8076	8084
344	7988	8295	8094	8105
344.5	7992	8349	8112	8125
345	7993	8403	8130	8145
345.5	8016	8436	8157	8173
346	8030	8473	8186	8201
346.5	8042	8509	8214	8229
347	8051	8548	8238	8257
347.5	8061	8601	8259	8285
348	8070	8651	8282	8313
348.5	8077	8706	8305	8341
349	8084	8759	8329	8369
349.5	8089	8812	8355	8397
350	8095	8872	8380	8425
350.5	8115	8884	8408	8451
351	8130	8894	8440	8477
351.5	8143	8908	8471	8503
352	8154	8923	8503	8528
352.5	8166	8937	8535	8554
353	8178	8953	8569	8580
353.5	8189	8971	8604	8606
354	8198	8995	8639	8632
354.5	8209	9020	8673	8658
355	8219	9050	8706	8683
355.5	8243	9060	8726	8703
356	8262	9070	8745	8722
356.5	8273	9081	8766	8741
357	8287	9094	8790	8760
357.5	8295	9108	8814	8779
358	8304	9124	8840	8799
358.5	8318	9140	8863	8818
359	8328	9158	8884	8837
359.5	8339	9173	8903	8856
360	8349	9199	8919	8875
360.5	8484	9205	8958	8925
361	8629	9214	8998	8974
361.5	8749	9222	9037	9023
362	8866	9232	9080	9072
362.5	8957	9245	9130	9122
363	9014	9272	9182	9171
363.5	9049	9369	9227	9220
364	9069	9483	9264	9269
364.5	9090	9603	9300	9318
365	9104	9729	9337	9368
365.5	9201	9762	9408	9436
366	9298	9794	9481	9504
366.5	9393	9823	9553	9572
367	9486	9856	9625	9640
367.5	9575	9893	9698	9708
368	9662	9927	9769	9776
368.5	9749	9979	9837	9844
369	9834	10064	9903	9912
369.5	9910	10158	9972	9980
370	9960	10246	10040	10048
370.5	9971	10257	10050	10059
371	9978	10267	10059	10069
371.5	9983	10278	10069	10079
372	9988	10287	10077	10089
372.5	9992	10298	10087	10099
373	9996	10313	10096	10109
373.5	9999	10328	10105	10120
374	10001	10348	10114	10130
374.5	10003	10369	10122	10140
375	10005	10397	10131	10150
375.5	10018	10408	10142	10161
376	10027	10417	10154	10171
376.5	10035	10433	10164	10182
377	10041	10445	10174	10192
377.5	10046	10458	10185	10203
378	10050	10471	10196	10213
378.5	10052	10488	10206	10224
379	10055	10508	10216	10234
379.5	10059	10528	10226	10245
380	10063	10551	10236	10255
